0.06250000000000
0.06250000000000
0.06250000000000
0.06250000000000
0.11132812499403
0.06250000000000
0.06250000000000
0.06250000000000
0.06250000000000
0.250000	25	5.657868e-11	

0.25000000000000
0.25000000000000
0.25000000000000
0.25000000000000
0.32324218748407
0.25000000000000
0.25000000000000
0.25000000000000
0.25000000000000
0.500000	25	4.487459e-11	

0.56250000000000
0.56250000000000
0.56250000000000
0.56250000000000
0.64794921869158
0.56250000000000
0.56250000000000
0.56250000000000
0.56250000000000
0.750000	24	8.955710e-11	

1.00000000000000
1.00000000000000
1.00000000000000
1.00000000000000
1.09155273427626
1.00000000000000
1.00000000000000
1.00000000000000
1.00000000000000
1.000000	24	7.418422e-11	

1.56250000000000
1.56250000000000
1.56250000000000
1.56250000000000
1.65710449204922
1.56250000000000
1.56250000000000
1.56250000000000
1.56250000000000
1.250000	24	6.291676e-11	

2.25000000000000
2.25000000000000
2.25000000000000
2.25000000000000
2.34613037091616
2.25000000000000
2.25000000000000
2.25000000000000
2.25000000000000
1.500000	24	5.442414e-11	

3.06250000000000
3.06250000000000
3.06250000000000
3.06250000000000
3.15939331033002
3.06250000000000
3.06250000000000
3.06250000000000
3.06250000000000
1.750000	24	4.784705e-11	

4.00000000000000
4.00000000000000
4.00000000000000
4.00000000000000
4.09727478001730
4.00000000000000
4.00000000000000
4.00000000000000
4.00000000000000
2.000000	24	4.262919e-11	

5.06250000000000
5.06250000000000
5.06250000000000
5.06250000000000
5.15996551459479
5.06250000000000
5.06250000000000
5.06250000000000
5.06250000000000
2.250000	23	9.495374e-11	

6.25000000000000
6.25000000000000
6.25000000000000
6.25000000000000
6.34756088183488
6.25000000000000
6.25000000000000
6.25000000000000
6.25000000000000
2.500000	23	8.633927e-11	

7.56250000000000
7.56250000000000
7.56250000000000
7.56250000000000
7.66010856540625
7.56250000000000
7.56250000000000
7.56250000000000
7.56250000000000
2.750000	23	7.912475e-11	



****************NEWTON***************

0.06250000000000
0.06250000000000
0.06250000000000
0.06250000000000
0.11132812953615
0.06250000000000
0.06250000000000
0.06250000000000
0.06250000000000
0.250000	13	4.297159e-08	

0.25000000000000
0.25000000000000
0.25000000000000
0.25000000000000
0.32324220129361
0.25000000000000
0.25000000000000
0.25000000000000
0.25000000000000
0.500000	13	3.996774e-08	

0.56250000000000
0.56250000000000
0.56250000000000
0.56250000000000
0.64794924437001
0.56250000000000
0.56250000000000
0.56250000000000
0.56250000000000
0.750000	13	3.323346e-08	

1.00000000000000
1.00000000000000
1.00000000000000
1.00000000000000
1.09155284035523
1.00000000000000
1.00000000000000
1.00000000000000
1.00000000000000
1.000000	12	9.940726e-08	

1.56250000000000
1.56250000000000
1.56250000000000
1.56250000000000
1.65710466467495
1.56250000000000
1.56250000000000
1.56250000000000
1.56250000000000
1.250000	12	8.456032e-08	

2.25000000000000
2.25000000000000
2.25000000000000
2.25000000000000
2.34613060325513
2.25000000000000
2.25000000000000
2.25000000000000
2.25000000000000
1.500000	12	7.322810e-08	

3.06250000000000
3.06250000000000
3.06250000000000
3.06250000000000
3.15939359901215
3.06250000000000
3.06250000000000
3.06250000000000
3.06250000000000
1.750000	12	6.440722e-08	

4.00000000000000
4.00000000000000
4.00000000000000
4.00000000000000
4.09727512338090
4.00000000000000
4.00000000000000
4.00000000000000
4.00000000000000
2.000000	12	5.739463e-08	

5.06250000000000
5.06250000000000
5.06250000000000
5.06250000000000
5.15996591206715
5.06250000000000
5.06250000000000
5.06250000000000
5.06250000000000
2.250000	12	5.170942e-08	

6.25000000000000
6.25000000000000
6.25000000000000
6.25000000000000
6.34756133291799
6.25000000000000
6.25000000000000
6.25000000000000
6.25000000000000
2.500000	12	4.701955e-08	

7.56250000000000
7.56250000000000
7.56250000000000
7.56250000000000
7.66010906985403
7.56250000000000
7.56250000000000
7.56250000000000
7.56250000000000
2.750000	12	4.309146e-08	

